   numed numel numnp nmat nmode plane_stress_flag  This is the rectangular waveguide problem 
    123   54   70    1    2    1 
 matl no., permeability, permittivity, operating fq
  0     0.2500    0.3000    0.3000
 edge no., node connectivity, matl no
   0       0    1
   1       1    2
   2       2    3
   3       3    4
   4       4    5
   5       5    6
   6       6    7
   7       7    8
   8       8    9
   9       0   10
  10       1   11
  11       2   12
  12       3   13
  13       4   14
  14       5   15
  15       6   16
  16       7   17
  17       8   18
  18       9   19
  19      10   11
  20      11   12
  21      12   13
  22      13   14
  23      14   15
  24      15   16
  25      16   17
  26      17   18
  27      18   19
  28      10   20
  29      11   21
  30      12   22
  31      13   23
  32      14   24
  33      15   25
  34      16   26
  35      17   27
  36      18   28
  37      19   29
  38      20   21
  39      21   22
  40      22   23
  41      23   24
  42      24   25
  43      25   26
  44      26   27
  45      27   28
  46      28   29
  47      20   30
  48      21   31
  49      22   32
  50      23   33
  51      24   34
  52      25   35
  53      26   36
  54      27   37
  55      28   38
  56      29   39
  57      30   31
  58      31   32
  59      32   33
  60      33   34
  61      34   35
  62      35   36
  63      36   37
  64      37   38
  65      38   39
  66      30   40
  67      31   41
  68      32   42
  69      33   43
  70      34   44
  71      35   45
  72      36   46
  73      37   47
  74      38   48
  75      39   49
  76      40   41
  77      41   42
  78      42   43
  79      43   44
  80      44   45
  81      45   46
  82      46   47
  83      47   48
  84      48   49
  85      40   50
  86      41   51
  87      42   52
  88      43   53
  89      44   54
  90      45   55
  91      46   56
  92      47   57
  93      48   58
  94      49   59
  95      50   51
  96      51   52
  97      52   53
  98      53   54
  99      54   55
 100      55   56
 101      56   57
 102      57   58
 103      58   59
 104      50   60
 105      51   61
 106      52   62
 107      53   63
 108      54   64
 109      55   65
 110      56   66
 111      57   67
 112      58   68
 113      59   69
 114      60   61
 115      61   62
 116      62   63
 117      63   64
 118      64   65
 119      65   66
 120      66   67
 121      67   68
 122      68   69
el no., node connectivity, edge connectivity, matl no
   0     0    1   11   10       0   19   10    9   0 
   1     1    2   12   11       1   20   11   10   0 
   2     2    3   13   12       2   21   12   11   0 
   3     3    4   14   13       3   22   13   12   0 
   4     4    5   15   14       4   23   14   13   0 
   5     5    6   16   15       5   24   15   14   0 
   6     6    7   17   16       6   25   16   15   0 
   7     7    8   18   17       7   26   17   16   0 
   8     8    9   19   18       8   27   18   17   0 
   9    10   11   21   20      19   38   29   28   0 
  10    11   12   22   21      20   39   30   29   0 
  11    12   13   23   22      21   40   31   30   0 
  12    13   14   24   23      22   41   32   31   0 
  13    14   15   25   24      23   42   33   32   0 
  14    15   16   26   25      24   43   34   33   0 
  15    16   17   27   26      25   44   35   34   0 
  16    17   18   28   27      26   45   36   35   0 
  17    18   19   29   28      27   46   37   36   0 
  18    20   21   31   30      38   57   48   47   0 
  19    21   22   32   31      39   58   49   48   0 
  20    22   23   33   32      40   59   50   49   0 
  21    23   24   34   33      41   60   51   50   0 
  22    24   25   35   34      42   61   52   51   0 
  23    25   26   36   35      43   62   53   52   0 
  24    26   27   37   36      44   63   54   53   0 
  25    27   28   38   37      45   64   55   54   0 
  26    28   29   39   38      46   65   56   55   0 
  27    30   31   41   40      57   76   67   66   0 
  28    31   32   42   41      58   77   68   67   0 
  29    32   33   43   42      59   78   69   68   0 
  30    33   34   44   43      60   79   70   69   0 
  31    34   35   45   44      61   80   71   70   0 
  32    35   36   46   45      62   81   72   71   0 
  33    36   37   47   46      63   82   73   72   0 
  34    37   38   48   47      64   83   74   73   0 
  35    38   39   49   48      65   84   75   74   0 
  36    40   41   51   50      76   95   86   85   0 
  37    41   42   52   51      77   96   87   86   0 
  38    42   43   53   52      78   97   88   87   0 
  39    43   44   54   53      79   98   89   88   0 
  40    44   45   55   54      80   99   90   89   0 
  41    45   46   56   55      81  100   91   90   0 
  42    46   47   57   56      82  101   92   91   0 
  43    47   48   58   57      83  102   93   92   0 
  44    48   49   59   58      84  103   94   93   0 
  45    50   51   61   60      95  114  105  104   0 
  46    51   52   62   61      96  115  106  105   0 
  47    52   53   63   62      97  116  107  106   0 
  48    53   54   64   63      98  117  108  107   0 
  49    54   55   65   64      99  118  109  108   0 
  50    55   56   66   65     100  119  110  109   0 
  51    56   57   67   66     101  120  111  110   0 
  52    57   58   68   67     102  121  112  111   0 
  53    58   59   69   68     103  122  113  112   0 
node no., coordinates 
0    0.0000    0.0000 
1    0.3333    0.0000 
2    0.6667    0.0000 
3    1.0000    0.0000 
4    1.3333    0.0000 
5    1.6667    0.0000 
6    2.0000    0.0000 
7    2.3333    0.0000 
8    2.6667    0.0000 
9    3.0000    0.0000 
10    0.0000    1.0000 
11    0.3333    1.0000 
12    0.6667    1.0000 
13    1.0000    1.0000 
14    1.3333    1.0000 
15    1.6667    1.0000 
16    2.0000    1.0000 
17    2.3333    1.0000 
18    2.6667    1.0000 
19    3.0000    1.0000 
20    0.0000    2.0000 
21    0.3333    2.0000 
22    0.6667    2.0000 
23    1.0000    2.0000 
24    1.3333    2.0000 
25    1.6667    2.0000 
26    2.0000    2.0000 
27    2.3333    2.0000 
28    2.6667    2.0000 
29    3.0000    2.0000 
30    0.0000    3.0000 
31    0.3333    3.0000 
32    0.6667    3.0000 
33    1.0000    3.0000 
34    1.3333    3.0000 
35    1.6667    3.0000 
36    2.0000    3.0000 
37    2.3333    3.0000 
38    2.6667    3.0000 
39    3.0000    3.0000 
40    0.0000    4.0000 
41    0.3333    4.0000 
42    0.6667    4.0000 
43    1.0000    4.0000 
44    1.3333    4.0000 
45    1.6667    4.0000 
46    2.0000    4.0000 
47    2.3333    4.0000 
48    2.6667    4.0000 
49    3.0000    4.0000 
50    0.0000    5.0000 
51    0.3333    5.0000 
52    0.6667    5.0000 
53    1.0000    5.0000 
54    1.3333    5.0000 
55    1.6667    5.0000 
56    2.0000    5.0000 
57    2.3333    5.0000 
58    2.6667    5.0000 
59    3.0000    5.0000 
60    0.0000    6.0000 
61    0.3333    6.0000 
62    0.6667    6.0000 
63    1.0000    6.0000 
64    1.3333    6.0000 
65    1.6667    6.0000 
66    2.0000    6.0000 
67    2.3333    6.0000 
68    2.6667    6.0000 
69    3.0000    6.0000 
prescribed edge: edge value
   0   0.000000e+00
   1   0.000000e+00
   2   0.000000e+00
   3   0.000000e+00
   4   0.000000e+00
   5   0.000000e+00
   6   0.000000e+00
   7   0.000000e+00
   8   0.000000e+00
   9   0.000000e+00
  28   0.000000e+00
  47   0.000000e+00
  66   0.000000e+00
  85   0.000000e+00
 104   0.000000e+00
  18   0.000000e+00
  37   0.000000e+00
  56   0.000000e+00
  75   0.000000e+00
  94   0.000000e+00
 113   0.000000e+00
 114   0.000000e+00
 115   0.000000e+00
 116   0.000000e+00
 117   0.000000e+00
 118   0.000000e+00
 119   0.000000e+00
 120   0.000000e+00
 121   0.000000e+00
 122   0.000000e+00
 -10
 node with point charge
   9   1.000000e+05   0.000000e+00
  19   1.000000e+05   0.000000e+00
  29   1.000000e+05   0.000000e+00
  39   1.000000e+05   0.000000e+00
  49   1.000000e+05   0.000000e+00
  59   1.000000e+05   0.000000e+00
  69   1.000000e+05   0.000000e+00
  79   1.000000e+05   0.000000e+00
  89   1.000000e+05   0.000000e+00
  99   1.000000e+05   0.000000e+00
 -10
 element and gauss pt. with stress and stress vector in xx,yy,xy
 -10 